responses = [0.002, 0.005, 9.596, 9.549, 9.162, 8.870, 8.751, 8.718, 8.700, 8.343, 8.285, 8.017, 8.024, 7.864, 7.848, 7.731, 7.458, 7.230, 7.076, 7.049, 6.973, 6.611, 6.471, 6.287, 6.003, 5.827, 5.867, 5.662, 5.371, 5.114, 5.131, 5.067, 5.027, 4.792, 4.783, 4.559, 4.347, 4.329, 4.117, 3.464, 3.403, 3.312, 3.251, 3.147, 2.762, 2.307, 2.160, 1.859, 1.352, 1.323, 1.306, 0.835, 0.326, 0.370, 0.053, 0.031, 0.029, 0.025, 0.011, 0.018, 0.024, 0.023, 0.069, 0.069, 0.006, 0.027, 0.037, 0.027, 0.005, 0.006, 0.052, 0.023, 0.031, 0.022, 0.006, 0.021, 0.003, 0.004, 0.042, 0.036, 0.025, 0.010, 0.015, 0.066, 0.053, 0.053, 0.002, 0.011, 0.028, 0.044, 0.086, 0.000, 0.012, 0.019, 0.014, 0.057, 0.046, 0.055, 0.049, 0.012, 0.018, 0.067, 0.094, 0.023, 0.041, 0.072, 0.027, 0.024, 0.013, 0.034, 0.012, 0.050, 0.009, 0.068, 0.031, 0.026, 0.025, 0.020, 0.026, 0.013, 0.023, 0.021, 0.025, 0.121, 0.025, 0.013, 0.009, 0.075, 0.043, 0.027, 0.004, 0.058, 0.028, 0.013, 0.017, 0.030, 0.025, 0.011, 0.017, 0.027, 0.023, 0.029, 0.010, 0.007, 0.032, 0.009, 0.056, 0.000, 0.047, 0.097, 0.112, 0.039, 8.684, 8.668, 8.655, 8.772, 8.769, 8.437, 8.462, 7.859, 7.286, 7.323, 6.967, 6.812, 6.616, 5.957, 5.977, 6.031, 5.999, 6.027, 5.962, 5.871, 5.863, 5.843, 5.765, 5.370, 5.383, 5.342, 5.128, 5.097, 4.908, 4.871, 4.771, 4.480, 4.472, 4.399, 4.334, 3.777, 3.530, 3.413, 3.283, 2.671, 2.600, 2.563, 2.293, 2.276, 1.749, 1.774, 1.692, 1.713, 1.692, 1.549, 1.332, 0.886, 0.691, 0.390, 0.331, 0.136, 0.104, 0.006, 0.003, 0.055, 0.017, 0.022, 0.019, 0.040, 0.006, 0.017, 0.010, 0.067, 0.009, 0.076, 0.038, 0.026, 0.004, 0.000, 0.024, 0.008, 0.045, 0.051, 0.060, 0.018, 0.019, 0.037, 0.074, 0.026, 0.009, 0.016, 0.005, 0.000, 0.044, 0.178, 0.085, 0.043, 0.204, 0.018, 0.013, 0.003, 0.020, 0.075, 0.081, 0.148, 0.053, 0.078, 0.085, 0.051, 0.011, 0.009, 0.016, 0.047, 0.027, 0.004, 0.004, 0.030, 0.001, 0.007, 0.051, 0.053, 0.049, 0.056, 0.093, 0.065, 0.012, 0.014, 0.001, 0.048, 0.184, 0.014, 0.044, 0.050, 0.003, 0.009, 0.008, 0.012, 0.013, 0.028, 0.013, 0.039, 0.030, 0.047, 0.034, 0.164, 0.013, 0.008, 0.043, 0.050, 0.021, 0.004, 0.016, 0.027, 0.033, 0.022, 0.020, 0.111, 0.100, 0.093, 0.014, 0.027, 0.034, 0.048, 0.003, 0.001, 0.002, 0.060, 0.075, 0.061, 0.003, 0.047, 0.068, 9.888, 9.526, 9.515, 9.337, 8.937, 8.862, 8.862, 8.845, 8.412, 8.331, 8.204, 7.997, 7.965, 7.957, 7.935, 7.834, 7.728, 7.272, 7.141, 6.846, 6.783, 6.366, 6.415, 6.351, 6.311, 6.191, 6.125, 5.910, 5.982, 5.665, 5.606, 5.316, 4.668, 4.509, 4.372, 4.354, 3.992, 4.062, 4.061, 4.065, 3.730, 3.596, 3.596, 3.393, 2.405, 2.237, 1.725, 1.735, 0.930, 0.911, 0.877, 0.573, 0.501, 0.375, 0.362, 0.022, 9.836, 9.732, 9.343, 9.031, 8.991, 8.957, 8.726, 8.702, 8.712, 8.552, 8.197, 8.095, 7.573, 7.443, 7.349, 6.744, 6.626, 6.555, 6.566, 6.570, 6.618, 6.552, 6.384, 6.376, 6.242, 6.107, 5.983, 5.945, 5.846, 5.501, 5.102, 4.983, 4.403, 3.645, 3.588, 3.624, 3.538, 3.373, 3.238, 3.198, 3.152, 2.637, 2.626, 2.657, 2.765, 2.744, 2.391, 2.368, 2.366, 2.172, 2.141, 1.742, 1.706, 1.724, 1.205, 1.228, 1.007, 0.352, 0.048, 0.006, 0.070, 0.052, 0.021, 0.009, 0.038, 0.043, 0.038, 0.069, 0.100, 0.005, 0.009, 0.012, 0.025, 0.036, 0.056, 0.043, 0.083, 0.000, 0.027, 0.005, 0.048, 0.011, 0.029, 0.018, 0.038, 0.028, 0.134, 0.135, 0.012, 0.022, 0.018, 0.006, 0.026, 0.038, 0.055, 0.007, 0.002, 0.008, 0.003, 0.038, 0.001, 0.012, 0.011, 0.014, 0.041, 0.030, 0.040, 0.050, 0.017, 0.040, 0.026, 0.013, 0.008, 0.021, 0.019, 0.046, 0.078, 0.099, 0.029, 8.507, 8.446, 8.395, 8.118, 8.087, 7.863, 7.733, 7.705, 7.450, 7.438, 7.409, 7.214, 7.142, 7.133, 7.146, 7.112, 7.080, 6.885, 6.662, 6.693, 6.567, 6.559, 6.427, 6.449, 6.434, 6.213, 5.999, 5.963, 5.725, 5.514, 5.424, 5.406, 4.918, 4.798, 4.705, 4.686, 4.399, 4.338, 4.177, 4.086, 3.722, 3.556, 3.504, 3.338, 3.336, 3.140, 3.020, 2.976, 2.903, 2.764, 2.662, 2.193, 2.041, 1.995, 1.801, 1.598, 1.685, 1.689, 1.564, 1.307, 1.172, 1.128, 0.791, 0.580, 0.534, 0.496, 0.541, 0.282, 0.281, 0.009, 0.038, 0.029, 0.018, 0.084, 0.002, 0.011, 0.047, 0.021, 0.000, 0.023, 0.022, 0.014, 0.027, 0.059, 0.073, 0.004, 0.131, 0.151, 0.148, 0.200, 0.044, 0.022, 0.004, 0.029, 0.108, 0.097, 8.921, 8.511, 8.398, 8.433, 8.322, 8.214, 8.200, 7.957, 7.920, 7.920, 7.878, 7.877, 7.670, 7.101, 6.549, 6.298, 6.227, 6.175, 5.882, 5.804, 5.834, 5.524, 5.477, 5.461, 5.214, 4.973, 4.672, 4.622, 4.642, 3.630, 3.639, 3.514, 3.509, 3.478, 3.410, 2.899, 2.591, 2.608, 2.595, 2.460, 2.437, 2.406, 2.376, 2.262, 2.193, 2.180, 2.086, 2.010, 1.534, 1.539, 1.439, 1.493, 0.634, 0.617, 0.536, 0.350, 0.099, 0.055, 0.006, 0.220, 0.166, 0.047, 0.028, 0.003, 9.992, 9.948, 9.889, 9.799, 9.808, 9.723, 9.578, 9.415, 9.298, 9.347, 9.313, 9.321, 9.237, 9.188, 9.036, 8.847, 8.890, 8.932, 8.840, 8.684, 8.161, 7.624, 7.636, 7.326, 7.317, 7.302, 6.107, 5.453, 5.281, 4.665, 4.488, 4.225, 4.249, 4.208, 3.815, 3.801, 3.449, 2.879, 2.877, 2.732, 2.708, 2.442, 2.401, 2.332, 2.011, 1.815, 1.688, 1.548, 1.042, 1.028, 0.850, 0.861, 0.845, 0.867, 0.410, 0.368, 0.174, 0.055, 0.042, 0.012, 0.007, 0.002, 0.056, 0.027, 0.007, 0.033, 0.042, 0.031, 0.001, 0.004, 0.006, 0.044, 0.017, 0.014, 0.057, 0.070, 0.016, 0.002, 0.037, 0.025, 0.015, 9.590, 9.546, 9.293, 9.277, 9.251, 8.801, 8.614, 8.371, 7.925, 7.746, 7.774, 7.643, 7.194, 7.163, 7.156, 7.119, 6.883, 6.765, 6.297, 6.293, 6.285, 6.280, 6.247, 4.821, 4.237, 3.949, 3.527, 3.451, 3.226, 2.813, 2.753, 2.678, 2.607, 2.599, 2.619, 2.395, 2.339, 2.277, 2.148, 1.796, 1.772, 1.740, 1.633, 1.534, 1.428, 1.428, 1.462, 1.358, 1.408, 1.161, 0.673, 0.662, 0.616, 0.547, 0.004, 0.027, 0.010, 0.026, 0.054, 0.020, 0.021, 0.014, 0.149, 0.027, 0.001, 0.014, 0.045, 0.053, 0.030, 0.029, 0.007, 0.107, 0.062, 0.021, 9.792, 9.520, 8.989, 8.802, 8.799, 8.735, 8.787, 8.752, 8.628, 8.257, 8.275, 8.194, 8.082, 7.806, 7.748, 7.536, 7.441, 7.212, 7.195, 7.169, 7.108, 6.953, 6.442, 6.077, 6.018, 5.979, 5.784, 5.671, 5.295, 5.324, 5.311, 5.303, 5.064, 5.055, 4.944, 4.437, 4.436, 4.241, 4.269, 4.186, 3.943, 3.858, 3.668, 3.608, 3.406, 3.434, 3.272, 3.231, 3.166, 3.032, 2.888, 2.619, 2.601, 2.605, 2.353, 2.199, 2.266, 1.769, 1.786, 1.692, 1.367, 1.228, 1.185, 1.201, 1.050, 0.834, 0.646, 0.277, 0.010, 0.029, 0.042, 0.036, 0.033, 0.007, 0.010, 0.027, 0.018, 0.024, 0.042, 0.035, 0.005, 0.047, 0.071, 0.098, 0.068, 0.014, 0.018, 0.021, 0.025, 0.024, 0.004, 0.019, 0.020, 0.066, 0.159, 0.016, 0.001, 0.047, 0.020, 0.020, 0.009, 0.055, 0.071, 0.059, 0.083, 0.026, 0.029, 0.012, 0.015, 0.001, 0.019, 0.021, 0.001, 0.000, 0.023, 0.016, 0.006, 0.000, 0.009, 0.021, 0.009, 0.022, 0.075, 0.078, 0.000, 0.025, 0.014, 0.000, 0.005, 0.003, 0.010, 0.023, 0.036, 0.047, 0.036, 0.020, 0.038, 0.031, 0.063, 0.000, 0.031, 0.012, 0.089, 0.067, 0.043, 0.131, 0.007, 0.028, 0.003, 0.008, 0.093, 0.001, 0.193, 0.014, 0.014, 0.002, 0.004, 0.040, 0.017, 0.121, 0.136, 0.143, 0.168, 0.005, 0.012, 0.096, 0.000, 0.013, 0.002, 0.009, 0.029, 0.007, 0.003, 0.024, 0.001, 0.002, 0.056, 0.201, 0.008, 0.008, 0.023, 0.097, 0.010, 0.096, 0.005, 0.022, 0.019, 0.028, 0.028, 0.079, 0.025, 0.043, 0.061, 0.066, 0.006, 0.025, 0.008, 0.012, 0.023, 0.052, 0.024, 0.019, 0.013, 0.067, 0.030, 0.004, 0.033, 0.025, 0.005, 0.124, 0.020, 0.048, 0.009, 0.038, 0.019, 0.002, 0.004, 0.027, 0.018, 0.018, 0.016, 0.010, 0.001, 0.030, 0.040, 0.052, 0.023, 0.008, 0.010, 0.019, 0.049, 0.029, 0.085, 0.020, 0.030, 0.028, 0.024, 0.030, 0.012, 0.004, 0.046, 0.029, 0.051, 0.027, 0.012, 0.031, 0.074, 0.012, 0.080, 0.037, 0.016, 0.078, 0.014, 0.016, 0.029, 0.006, 0.057, 0.014, 0.003, 3.229, 2.888, 2.856, 2.672, 2.652, 2.645, 2.269, 2.206, 2.076, 2.083, 2.002, 1.640, 1.669, 1.619, 1.555, 1.387, 1.003, 0.854, 0.687, 0.669, 0.345, 0.100, 0.070, 0.017, 0.038, 0.084, 0.175, 0.001, 0.011, 0.053, 0.035, 0.059, 0.007, 0.042, 0.001, 0.024, 0.003, 0.027, 0.019, 0.055, 0.062, 0.024, 0.042, 0.100, 0.153, 0.137, 0.153, 0.087, 0.115, 0.007, 0.025, 0.001, 0.015, 0.116, 0.019, 0.036, 0.018, 0.005, 5.314, 5.098, 4.640, 4.477, 3.615, 3.491, 3.388, 3.223, 3.218, 2.907, 2.828, 2.837, 2.836, 2.835, 2.746, 