responses = [0.001, 0.026, 0.068, 0.158, 0.069, 0.052, 0.058, 0.030, 0.025, 0.044, 0.027, 0.028, 0.001, 0.013, 0.090, 0.117, 0.123, 0.104, 0.009, 0.004, 0.015, 0.031, 0.033, 0.009, 0.125, 0.018, 0.044, 0.010, 0.019, 0.049, 0.066, 0.149, 0.000, 0.000, 0.050, 0.011, 0.052, 0.045, 0.059, 0.060, 0.008, 0.013, 0.045, 0.015, 0.019, 0.019, 0.022, 0.022, 0.017, 19.918, 19.972, 19.747, 19.724, 19.762, 19.672, 19.776, 19.628, 19.602, 19.597, 19.386, 19.313, 19.314, 19.087, 18.938, 18.953, 18.652, 18.481, 18.414, 18.371, 18.108, 17.809, 17.742, 17.695, 17.679, 17.292, 17.231, 17.226, 17.213, 16.895, 16.731, 16.612, 16.487, 16.398, 16.172, 16.072, 16.103, 16.043, 15.617, 15.597, 15.272, 14.934, 14.969, 14.878, 14.575, 14.249, 14.139, 14.055, 14.068, 13.756, 13.585, 13.560, 13.552, 13.070, 12.721, 12.743, 12.502, 12.248, 12.200, 12.038, 12.071, 11.341, 11.291, 10.841, 10.844, 10.877, 10.626, 10.670, 10.396, 10.257, 10.015, 9.997, 9.830, 9.687, 9.267, 9.049, 9.061, 8.982, 8.629, 8.646, 8.599, 8.661, 8.657, 8.503, 8.442, 13.039, 13.018, 12.901, 12.905, 12.912, 12.760, 12.705, 12.677, 12.563, 12.509, 12.427, 12.180, 11.942, 11.303, 11.073, 11.067, 11.114, 10.725, 10.464, 10.285, 10.391, 10.310, 10.151, 9.731, 9.680, 9.487, 9.519, 9.008, 8.784, 8.382, 8.305, 8.100, 8.036, 8.037, 7.887, 7.873, 7.603, 7.021, 6.223, 6.233, 6.202, 5.902, 5.491, 5.047, 5.054, 4.890, 4.623, 4.579, 4.592, 4.132, 4.005, 3.676, 3.532, 3.270, 3.098, 3.053, 3.066, 3.090, 2.646, 1.842, 1.679, 1.591, 1.574, 1.438, 0.598, 0.488, 0.272, 0.134, 0.140, 0.010, 0.063, 0.059, 0.015, 0.134, 0.007, 0.021, 0.008, 0.018, 0.082, 0.030, 0.019, 0.031, 0.008, 0.036, 0.006, 0.001, 0.034, 0.040, 0.013, 0.038, 14.232, 14.215, 14.193, 14.088, 13.928, 13.851, 13.687, 13.674, 13.612, 13.553, 13.341, 13.297, 13.271, 13.232, 12.919, 12.815, 12.684, 12.732, 12.605, 12.568, 12.039, 11.994, 11.809, 11.762, 11.764, 11.448, 11.214, 11.128, 10.927, 10.877, 10.815, 10.780, 10.813, 10.579, 10.323, 10.292, 10.269, 10.061, 10.018, 9.851, 9.582, 9.575, 9.335, 9.115, 9.056, 8.930, 8.714, 8.553, 8.538, 8.543, 8.307, 7.007, 6.284, 6.171, 6.128, 6.071, 5.838, 5.888, 5.740, 5.754, 5.798, 5.865, 5.813, 5.808, 5.792, 5.346, 5.075, 4.864, 4.611, 3.837, 3.148, 2.904, 2.927, 2.959, 2.939, 2.658, 2.502, 2.263, 1.740, 1.417, 1.323, 0.945, 0.872, 0.863, 0.864, 0.808, 0.833, 0.520, 0.431, 0.325, 0.373, 0.329, 0.342, 0.085, 0.004, 0.048, 0.054, 0.049, 0.087, 0.000, 0.011, 0.058, 0.019, 0.001, 0.000, 0.033, 0.044, 0.034, 0.011, 0.024, 0.007, 0.052, 0.062, 0.048, 0.004, 0.025, 0.012, 0.042, 0.020, 0.002, 0.007, 6.307, 6.268, 6.066, 5.545, 5.572, 5.381, 5.259, 5.280, 5.142, 4.459, 4.311, 3.888, 3.544, 3.329, 3.302, 3.117, 3.115, 2.812, 2.195, 2.143, 1.771, 1.777, 1.799, 1.336, 1.075, 0.710, 0.680, 0.729, 0.505, 0.492, 0.496, 0.324, 0.073, 0.003, 0.009, 0.009, 0.027, 0.001, 0.034, 0.043, 0.016, 0.012, 0.043, 0.061, 0.023, 0.053, 0.019, 0.012, 0.019, 0.028, 0.004, 0.003, 0.063, 0.060, 0.026, 0.053, 0.008, 0.003, 0.031, 0.132, 0.040, 0.014, 0.047, 0.045, 0.057, 0.078, 0.004, 0.091, 0.005, 0.032, 0.050, 0.067, 0.047, 0.040, 0.000, 0.022, 0.013, 0.062, 0.004, 19.966, 19.730, 19.564, 19.440, 19.440, 19.224, 19.190, 19.040, 18.966, 18.601, 18.458, 17.716, 17.765, 17.586, 17.502, 17.430, 17.155, 17.122, 16.949, 16.830, 16.317, 15.976, 15.326, 15.284, 14.776, 14.765, 14.762, 14.728, 14.393, 14.504, 14.547, 14.536, 14.483, 14.438, 14.154, 14.137, 13.861, 13.914, 13.857, 13.812, 13.777, 13.681, 13.314, 12.894, 12.615, 12.297, 11.581, 11.355, 11.349, 11.022, 11.021, 10.881, 10.636, 10.368, 10.163, 9.800, 9.677, 9.422, 9.418, 9.090, 9.003, 8.841, 8.823, 8.776, 8.491, 8.164, 8.061, 7.552, 7.524, 7.228, 7.184, 7.209, 6.830, 6.753, 6.641, 6.562, 6.429, 6.119, 6.058, 6.029, 5.837, 5.841, 5.462, 5.161, 5.109, 5.063, 5.072, 4.890, 4.813, 4.462, 4.427, 4.116, 3.875, 3.875, 3.773, 3.551, 3.373, 2.633, 2.583, 2.358, 2.153, 1.978, 1.979, 1.922, 1.810, 1.748, 1.706, 1.471, 1.372, 1.158, 1.160, 0.929, 0.926, 0.890, 0.462, 0.280, 0.309, 0.263, 0.093, 0.033, 0.027, 0.056, 0.039, 0.025, 0.026, 0.020, 0.079, 0.005, 0.060, 0.010, 0.044, 0.033, 0.059, 0.051, 0.013, 0.044, 0.020, 0.036, 0.010, 0.163, 17.614, 17.351, 17.409, 17.440, 17.460, 17.444, 17.071, 17.078, 16.888, 16.566, 16.340, 16.226, 15.865, 15.771, 15.681, 14.860, 14.724, 14.628, 14.567, 14.337, 14.008, 13.915, 13.491, 13.272, 12.952, 12.871, 12.345, 12.404, 11.414, 10.526, 10.389, 10.184, 9.923, 9.801, 9.830, 9.802, 9.665, 9.464, 9.312, 9.136, 8.592, 8.543, 8.528, 8.422, 8.339, 19.568, 19.363, 19.005, 18.573, 18.465, 18.293, 18.186, 18.015, 17.944, 17.877, 17.825, 17.767, 17.746, 17.611, 17.410, 17.309, 17.088, 16.908, 16.789, 16.723, 16.674, 16.617, 16.191, 16.128, 16.015, 15.814, 15.605, 15.525, 15.396, 14.272, 14.308, 14.043, 13.722, 13.699, 13.614, 12.918, 12.510, 12.410, 12.377, 12.163, 12.029, 11.979, 11.741, 11.637, 11.532, 11.460, 11.354, 11.399, 11.350, 10.952, 10.585, 10.345, 10.238, 9.581, 9.434, 9.153, 8.797, 8.345, 7.504, 7.377, 7.192, 7.164, 6.687, 6.693, 6.523, 6.187, 6.116, 5.759, 5.494, 5.363, 5.289, 5.302, 4.787, 4.228, 4.189, 3.844, 2.729, 2.269, 1.976, 1.883, 1.652, 1.273, 0.912, 0.892, 0.694, 0.581, 0.541, 0.477, 0.305, 0.087, 0.061, 0.061, 0.028, 0.010, 0.023, 0.008, 0.049, 0.010, 0.027, 0.047, 0.019, 0.011, 0.015, 0.016, 0.015, 0.006, 0.006, 0.034, 0.031, 0.053, 0.006, 0.006, 0.012, 0.082, 0.048, 0.012, 0.027, 0.010, 0.129, 0.034, 0.002, 0.023, 0.018, 0.122, 0.117, 0.118, 0.006, 0.002, 0.040, 0.000, 0.010, 0.063, 0.066, 0.056, 0.036, 0.052, 0.139, 0.000, 0.027, 0.042, 0.215, 0.041, 0.006, 0.015, 0.008, 0.071, 0.083, 0.075, 0.009, 0.003, 0.025, 0.074, 0.009, 0.041, 0.070, 0.017, 0.015, 0.004, 0.031, 0.024, 0.018, 0.028, 0.000, 0.009, 0.020, 0.070, 0.042, 0.069, 0.009, 0.063, 0.074, 0.029, 0.002, 0.009, 0.044, 0.014, 0.012, 0.054, 0.088, 0.097, 0.036, 0.011, 0.000, 0.074, 0.083, 0.011, 0.046, 0.020, 13.037, 12.963, 12.986, 12.910, 12.644, 12.350, 19.938, 19.868, 19.832, 19.729, 19.652, 19.568, 19.526, 19.210, 18.885, 18.857, 18.771, 18.785, 18.645, 18.323, 18.300, 18.241, 18.001, 18.013, 17.919, 17.271, 17.289, 17.183, 17.218, 16.884, 16.858, 16.850, 16.840, 16.129, 15.997, 15.955, 15.696, 15.683, 15.480, 15.461, 15.368, 15.335, 15.262, 15.220, 15.146, 15.073, 15.027, 14.983, 14.780, 14.691, 14.193, 14.081, 13.694, 13.601, 13.296, 12.869, 12.946, 12.917, 12.373, 12.356, 11.804, 11.629, 11.551, 11.165, 10.706, 10.737, 10.665, 10.657, 10.499, 10.468, 10.330, 10.000, 9.772, 9.759, 9.760, 9.616, 8.596, 8.427, 8.177, 8.169, 8.124, 7.764, 7.658, 7.665, 7.563, 7.012, 6.899, 6.909, 6.887, 6.932, 6.910, 6.821, 6.610, 6.605, 6.060, 6.056, 5.406, 5.304, 4.640, 4.534, 4.441, 4.402, 3.828, 3.788, 3.874, 3.753, 3.642, 3.308, 3.199, 3.062, 3.071, 2.892, 2.787, 2.797, 2.412, 1.982, 1.804, 1.395, 0.856, 0.492, 0.319, 0.030, 0.010, 0.022, 0.002, 0.035, 0.056, 0.061, 0.066, 0.017, 0.037, 0.010, 0.044, 0.020, 0.020, 0.054, 0.049, 0.122, 0.021, 0.015, 0.018, 0.022, 0.067, 0.077, 0.006, 0.044, 0.036, 0.078, 0.153, 0.041, 0.041, 0.033, 0.017, 0.005, 0.027, 0.066, 0.006, 0.008, 0.041, 0.010, 0.012, 0.010, 0.032, 0.020, 0.002, 0.099, 0.011, 0.012, 0.043, 0.055, 0.028, 0.014, 0.036, 0.005, 0.013, 0.035, 0.024, 0.020, 0.005, 0.054, 0.016, 0.008, 0.012, 0.005, 0.014, 0.040, 0.003, 0.013, 0.001, 0.006, 0.025, 0.039, 0.018, 0.024, 0.044, 0.016, 0.032, 0.023, 0.033, 0.087, 0.020, 0.007, 0.003, 0.026, 0.000, 0.034, 0.005, 0.003, 0.000, 0.013, 0.005, 0.018, 0.019, 0.062, 0.018, 0.022, 0.032, 0.045, 0.053, 0.000, 0.046, 0.038, 0.043, 0.008, 0.055, 0.002, 0.013, 0.000, 0.033, 0.000, 0.016, 0.011, 0.013, 9.132, 8.179, 8.077, 7.996, 7.885, 7.814, 7.816, 7.712, 7.531, 7.431, 7.424, 7.468, 7.447, 7.194, 7.126, 7.143, 6.836, 6.812, 6.686, 6.580, 6.105, 5.771, 5.532, 5.253, 5.098, 5.108, 5.200, 5.187, 5.178, 4.624, 4.423, 4.423, 4.440, 4.349, 4.256, 4.191, 3.544, 3.158, 3.052, 3.023, 2.992, 2.740, 2.685, 2.618, 2.629, 2.582, 2.570, 2.565, 2.370, 2.399, 2.395, 2.396, 2.316, 2.377, 2.356, 2.360, 2.375, 2.220, 2.264, 2.065, 2.079, 