LambdaRate: 4.0 - ServiceTime: 0.125 - Completions: 7999304 - Duration: 2000000.0
Rmodel: 0.25 - QModel (no-of-cust in the system): 1.0 - Pmodel: 0.5
Lsim: 3.999652 - Ssim: 0.12509915752559972
Rsim: 0.25022363854985297 - QSim (no-of-cust in the system): 1.0008074763731967 - PSim: 0.5003487230522249
no-of-cust (in the queue): 0.5004583745858949

