L: 0.0251308 -- Sft: 0.04974952954568409 -- Arrivals: 125654 -- Duration: 5000000.0
Rs: 0.04965159818828151 -- Ss: 0.049589720908936805 -- Ns (num of cust in the queue): 1.553935207696892E-6
Rm: 0.049811806531506624 -- Nm: 0.0012477843837500648

L: 2.0004005 -- Sft: 0.12501787562885186 -- Arrivals: 4000801 -- Duration: 2000000.0
Rs: 0.16679114960974697 -- Ss: 0.12506374407289134 -- Ns (num of cust in the queue): 0.08356721462562344
Rm: 0.16670957706348039 -- Nm: 0.33364909907491264

