responses = [0.006, 0.010, 0.047, 0.047, 0.035, 0.008, 0.063, 0.022, 0.002, 0.014, 0.040, 0.030, 0.000, 0.014, 0.075, 0.028, 0.013, 0.083, 0.036, 0.022, 0.073, 0.037, 0.057, 0.084, 0.120, 0.018, 0.011, 0.016, 0.013, 0.086, 0.100, 0.113, 0.007, 0.003, 0.019, 0.008, 0.018, 0.070, 0.009, 0.041, 0.008, 0.015, 0.005, 8.807, 8.680, 8.527, 8.495, 8.591, 8.425, 8.234, 8.196, 8.166, 8.073, 7.970, 7.601, 7.212, 7.011, 6.839, 6.788, 6.555, 6.228, 5.981, 5.717, 5.502, 5.235, 5.227, 5.148, 5.036, 4.829, 4.380, 4.379, 4.395, 4.406, 4.118, 4.144, 4.120, 4.068, 3.830, 3.764, 3.769, 3.530, 3.281, 3.158, 2.869, 2.817, 2.278, 1.629, 1.412, 1.473, 1.147, 1.079, 1.070, 0.905, 0.867, 0.841, 0.849, 0.818, 0.325, 0.143, 0.067, 0.050, 0.040, 0.074, 0.062, 0.004, 0.003, 0.005, 0.008, 0.083, 0.045, 0.014, 0.018, 0.002, 0.017, 0.007, 0.044, 0.016, 0.011, 0.006, 0.017, 0.038, 0.010, 0.049, 0.004, 0.020, 0.061, 0.082, 0.013, 0.009, 0.055, 5.128, 4.855, 4.534, 4.113, 2.911, 2.886, 2.782, 2.604, 2.508, 2.355, 2.356, 2.278, 2.226, 1.988, 1.721, 1.338, 1.173, 1.135, 0.808, 0.758, 0.540, 0.469, 0.418, 0.398, 0.027, 0.103, 0.027, 0.006, 0.050, 0.057, 0.012, 0.005, 0.034, 0.036, 0.029, 0.045, 0.007, 0.123, 0.022, 0.011, 0.002, 0.038, 0.030, 0.066, 0.011, 0.171, 0.060, 0.005, 0.085, 0.018, 0.036, 0.043, 0.026, 0.020, 0.024, 0.046, 0.035, 0.016, 0.026, 0.033, 0.000, 0.036, 0.085, 0.059, 0.022, 0.015, 0.056, 0.011, 0.056, 0.009, 0.053, 0.044, 0.038, 0.005, 0.006, 0.002, 0.009, 0.027, 0.005, 9.885, 9.661, 9.679, 9.566, 9.261, 9.210, 9.060, 9.143, 9.124, 9.076, 8.931, 8.182, 8.165, 6.788, 6.721, 6.791, 6.782, 6.692, 6.016, 6.038, 6.028, 6.087, 6.064, 5.886, 5.696, 5.636, 5.434, 5.244, 5.184, 5.034, 4.222, 4.160, 4.089, 3.714, 3.716, 3.572, 3.516, 3.513, 3.485, 3.305, 2.866, 2.865, 2.640, 2.652, 2.585, 2.670, 2.685, 2.665, 2.763, 2.736, 2.643, 2.288, 2.269, 2.154, 2.146, 2.138, 1.772, 1.640, 1.531, 1.407, 1.253, 1.170, 1.087, 1.047, 1.032, 0.594, 0.511, 0.205, 0.131, 0.178, 0.008, 7.572, 7.355, 7.099, 6.754, 6.663, 6.622, 6.455, 6.430, 6.424, 6.359, 6.322, 5.710, 5.238, 5.148, 4.578, 4.297, 4.353, 4.358, 4.033, 3.720, 3.578, 3.198, 3.004, 2.858, 2.867, 2.796, 2.769, 2.755, 2.653, 2.622, 2.560, 2.573, 2.498, 2.083, 1.954, 1.975, 1.894, 1.867, 1.891, 1.786, 1.531, 1.255, 0.747, 0.286, 0.257, 0.045, 0.067, 0.141, 0.009, 0.039, 0.035, 0.071, 0.039, 0.105, 0.104, 0.052, 0.043, 0.041, 0.086, 0.005, 0.007, 0.017, 0.006, 0.013, 0.026, 0.025, 0.023, 0.025, 0.003, 0.029, 0.012, 0.019, 0.028, 0.017, 0.008, 0.067, 0.025, 0.002, 0.055, 0.018, 0.024, 0.011, 0.001, 0.019, 0.004, 7.336, 7.123, 6.980, 6.958, 6.802, 6.644, 6.635, 6.435, 6.065, 5.707, 5.714, 5.377, 5.296, 5.178, 5.056, 4.829, 4.764, 2.914, 2.807, 2.657, 2.698, 2.662, 2.156, 2.083, 1.995, 1.804, 1.835, 1.594, 1.405, 1.121, 0.967, 0.964, 0.017, 0.018, 0.006, 0.005, 0.030, 0.054, 0.008, 0.017, 0.031, 0.000, 0.046, 0.032, 0.016, 0.027, 0.030, 0.018, 0.040, 0.045, 0.017, 0.021, 0.004, 0.006, 0.006, 0.013, 0.023, 0.059, 0.012, 0.033, 0.027, 0.030, 0.007, 0.004, 0.034, 0.000, 0.010, 0.012, 0.050, 0.005, 0.025, 0.001, 0.000, 9.902, 9.855, 9.455, 9.421, 9.150, 9.054, 9.033, 8.756, 8.771, 8.629, 8.368, 8.300, 8.332, 8.314, 8.289, 8.292, 8.270, 8.124, 7.927, 7.894, 7.785, 7.683, 7.553, 7.407, 7.379, 7.240, 7.015, 6.565, 6.267, 6.251, 6.238, 6.216, 6.250, 5.770, 5.657, 5.210, 5.137, 4.635, 4.622, 4.560, 4.560, 4.425, 4.407, 4.383, 3.873, 3.857, 3.813, 3.833, 3.731, 3.377, 3.214, 3.131, 2.739, 2.432, 2.188, 2.041, 2.003, 1.848, 1.514, 1.083, 0.756, 0.703, 0.236, 0.137, 0.069, 0.003, 0.019, 0.019, 0.005, 0.077, 0.042, 0.051, 0.034, 0.017, 0.027, 0.014, 0.016, 0.059, 0.009, 0.022, 0.019, 0.061, 0.050, 0.007, 0.086, 0.096, 0.039, 0.034, 0.002, 0.024, 0.106, 0.018, 0.082, 0.025, 0.016, 0.012, 0.057, 0.009, 9.939, 9.858, 9.796, 9.830, 9.763, 9.539, 9.084, 8.939, 8.671, 8.241, 8.154, 7.664, 7.611, 7.579, 7.458, 7.414, 7.159, 7.086, 7.083, 6.919, 6.921, 6.880, 6.880, 6.839, 6.712, 6.411, 6.407, 6.138, 6.087, 5.867, 5.950, 5.476, 5.388, 5.373, 5.120, 5.056, 4.915, 4.791, 4.926, 4.604, 4.497, 4.400, 4.386, 4.358, 4.332, 4.220, 4.042, 3.692, 3.581, 3.638, 3.622, 3.541, 3.463, 3.466, 3.217, 3.101, 2.953, 2.877, 2.806, 2.692, 2.040, 2.039, 1.826, 1.751, 1.712, 1.372, 1.364, 1.406, 1.323, 1.317, 0.969, 0.860, 0.659, 0.678, 0.646, 0.350, 0.123, 0.080, 0.000, 0.001, 0.038, 0.013, 0.101, 0.114, 0.011, 0.015, 0.000, 0.021, 0.007, 0.107, 0.062, 0.013, 0.007, 0.012, 0.029, 0.009, 0.019, 0.023, 0.027, 0.033, 0.037, 9.924, 9.768, 9.764, 9.605, 8.907, 8.679, 8.110, 8.073, 7.933, 7.488, 7.017, 6.979, 6.850, 6.848, 6.700, 6.506, 6.370, 6.388, 6.329, 5.847, 5.734, 5.699, 5.665, 5.535, 5.407, 5.296, 5.094, 5.052, 3.953, 3.796, 3.675, 3.596, 3.572, 3.434, 2.761, 2.510, 2.084, 2.132, 1.944, 1.814, 1.549, 1.539, 1.571, 1.514, 1.451, 1.446, 1.391, 1.252, 1.159, 0.886, 0.662, 0.595, 0.514, 0.550, 0.440, 0.392, 0.373, 0.375, 0.366, 0.000, 0.005, 0.014, 0.019, 0.015, 0.033, 0.022, 0.026, 0.083, 0.064, 0.005, 0.032, 0.026, 3.611, 3.586, 3.222, 3.256, 2.916, 2.386, 2.154, 1.829, 1.806, 1.781, 1.821, 1.693, 1.543, 0.015, 0.008, 0.027, 0.042, 0.063, 0.043, 0.051, 0.011, 0.020, 0.004, 0.015, 0.004, 0.025, 0.002, 0.022, 0.068, 0.011, 0.098, 0.095, 0.019, 0.035, 0.033, 0.072, 0.002, 0.014, 0.001, 0.063, 0.018, 0.126, 0.121, 0.038, 0.036, 0.055, 0.027, 0.000, 0.000, 0.005, 0.062, 0.025, 0.005, 0.045, 0.039, 0.011, 0.043, 0.031, 9.634, 9.435, 8.780, 8.692, 8.628, 8.449, 7.931, 7.959, 7.876, 7.770, 7.739, 9.787, 9.631, 9.561, 9.422, 9.172, 8.682, 8.272, 8.201, 7.829, 7.390, 7.218, 7.231, 7.133, 6.975, 6.722, 6.735, 6.773, 6.795, 6.492, 6.474, 6.454, 6.193, 5.959, 5.104, 4.831, 4.693, 4.532, 3.490, 3.427, 3.035, 1.784, 1.570, 1.515, 1.372, 1.274, 1.257, 1.284, 1.137, 1.006, 0.700, 0.618, 0.636, 0.296, 0.108, 0.045, 0.016, 0.039, 0.048, 0.005, 0.022, 0.016, 0.050, 0.003, 0.051, 0.001, 0.113, 0.109, 0.024, 0.010, 0.058, 0.074, 0.051, 0.109, 0.087, 0.003, 0.032, 9.978, 9.879, 9.778, 9.296, 9.112, 8.830, 8.828, 8.634, 8.601, 8.603, 8.318, 8.310, 8.396, 8.385, 8.207, 7.951, 7.451, 6.962, 6.947, 6.955, 6.979, 6.722, 6.528, 6.475, 6.363, 6.184, 6.063, 5.786, 5.655, 5.562, 5.211, 4.762, 4.543, 4.189, 3.837, 3.797, 3.750, 3.675, 3.651, 3.474, 3.433, 3.569, 3.456, 3.388, 3.323, 3.169, 3.251, 3.212, 2.692, 2.316, 2.247, 1.996, 1.853, 1.844, 1.780, 1.502, 1.442, 1.288, 1.296, 1.264, 1.295, 1.169, 0.592, 0.445, 0.395, 0.296, 0.198, 0.106, 0.041, 0.200, 0.153, 0.002, 0.023, 0.043, 0.047, 0.056, 0.057, 0.053, 0.011, 0.005, 0.064, 0.008, 0.023, 0.021, 0.050, 0.026, 0.060, 0.057, 0.043, 0.074, 0.008, 0.111, 9.804, 9.588, 9.455, 9.454, 9.317, 8.915, 8.880, 8.568, 8.404, 8.154, 8.061, 7.444, 7.085, 6.970, 6.955, 6.797, 6.137, 6.151, 5.697, 5.731, 5.216, 5.187, 5.122, 5.135, 5.138, 5.172, 4.520, 4.088, 3.957, 3.517, 3.408, 3.159, 3.084, 2.282, 2.224, 2.202, 2.048, 1.824, 1.813, 1.813, 1.555, 1.284, 1.220, 0.867, 0.734, 0.299, 0.219, 0.032, 0.017, 0.056, 0.095, 0.017, 0.004, 0.035, 0.000, 0.003, 0.015, 0.025, 0.021, 0.008, 0.028, 0.029, 0.084, 0.120, 0.071, 0.021, 0.006, 0.102, 0.021, 0.044, 0.062, 0.175, 0.017, 0.096, 0.119, 0.039, 0.001, 0.034, 0.009, 0.005, 0.015, 0.030, 0.020, 0.000, 0.012, 0.027, 9.655, 9.258, 9.300, 9.317, 8.969, 8.974, 8.670, 8.508, 8.342, 8.271, 8.150, 8.068, 7.905, 7.920, 7.747, 7.275, 6.835, 6.461, 6.261, 5.733, 5.746, 5.774, 5.443, 4.961, 4.896, 4.897, 4.573, 4.567, 4.161, 3.872, 3.858, 3.841, 3.746, 3.751, 3.735, 3.567, 2.946, 2.906, 2.558, 2.456, 2.404, 2.399, 2.365, 1.458, 1.393, 1.281, 0.965, 0.774, 0.705, 0.623, 0.589, 0.137, 0.070, 0.001, 0.014, 0.000, 0.007, 0.023, 0.149, 0.008, 0.004, 0.017, 0.058, 0.028, 0.006, 0.040, 0.034, 0.007, 0.012, 0.032, 0.013, 0.031, 0.060, 0.057, 0.130, 0.036, 0.003, 9.959, 9.837, 9.165, 8.757, 8.436, 8.431, 8.293, 7.908, 7.944, 7.551, 7.154, 6.917, 6.825, 6.841, 6.767, 6.616, 6.663, 6.693, 6.690, 6.681, 6.730, 6.754, 6.588, 6.406, 6.267, 6.070, 6.012, 5.858, 5.698, 5.198, 5.213, 5.202, 5.258, 5.043, 4.689, 4.682, 4.660, 4.590, 4.203, 4.199, 4.137, 4.135, 